A <- matrix(c(0.2,0.9,0.8,0),ncol=2)
x0 <- c(100,0)



